    0.00000000    0.57186714    3.44838618
    0.02000667    0.45963248    0.86150877
    0.04001334    0.69410813    0.37179718
    0.06002001    1.08957105    2.83625767
    0.08002668    1.47863789    1.23206624
    0.10003334    2.33839877    1.11025895
    0.12004001    3.11299608    0.99367659
    0.14004668    4.85380291    2.40185673
    0.16005335    3.91840642    1.34673054
    0.18006002    4.77782833    2.55066573
    0.20006669    6.72994239    3.61636463
    0.22007336    8.84320542    5.32957583
    0.24008003    8.53829868    8.69979527
    0.26008670   11.02291225   13.18232608
    0.28009336   13.84981509   16.04158129
    0.30010003   16.45830837   25.16056261
    0.32010670   19.49388961   31.53109278
    0.34011337   17.20934723   37.52043323
    0.36012004   17.43443217   44.94283538
    0.38012671   19.64654264   46.50242796
    0.40013338   14.80558935   47.67668792
    0.42014005   13.78193061   43.55702615
    0.44014672    9.20658664   41.19080922
    0.46015338    7.00956443   38.72055075
    0.48016005    4.01185134   33.89964404
    0.50016672    0.93043471   31.26370071
    0.52017339    2.34880045   29.79783962
    0.54018006   -1.38874616   28.18636985
    0.56018673   -3.90716227   27.23330905
    0.58019340   -3.30669161   25.63431362
    0.60020007   -2.79196237   25.71466734
    0.62020674   -4.57250473   25.81063059
    0.64021340   -8.36673565   23.45224730
    0.66022007   -6.63610472   23.98413241
    0.68022674   -6.84271708   23.67932491
    0.70023341   -8.87536614   23.17977414
    0.72024008   -6.19849262   23.28952494
    0.74024675   -7.78544717   24.06331686
    0.76025342   -6.82441859   24.61107521
    0.78026009   -7.50860800   25.04948563
    0.80026676   -8.20802469   26.64559101
    0.82027342   -8.36600635   25.05152459
    0.84028009   -6.13159503   24.88497027
    0.86028676   -6.79607023   25.08425943
    0.88029343   -8.23527138   25.78406883
    0.90030010   -9.47660956   26.78633054
    0.92030677   -8.76078512   25.42983996
    0.94031344  -10.97979866   27.47003195
    0.96032011  -10.37031086   26.70418213
    0.98032678   -9.05494140   28.90927717
    1.00033344   -8.41461119   28.56752632
    1.02034011   -9.67409315   27.81960148
    1.04034678   -9.54985501   28.17825805
    1.06035345   -7.44348625   25.32840175
    1.08036012  -10.45638410   29.64992742
    1.10036679   -9.01322329   29.55115767
    1.12037346   -7.29806135   28.79769457
    1.14038013   -8.51699360   26.20128496
    1.16038680   -6.80284694   28.44210019
    1.18039346   -7.88852598   28.37785999
    1.20040013   -7.08815748   26.99689964
    1.22040680   -5.74926775   27.12042523
    1.24041347   -7.43338279   24.80393116
    1.26042014   -6.90402771   23.36269441
    1.28042681   -8.14123927   24.37373872
    1.30043348   -8.64976574   23.31775836
    1.32044015   -6.33438654   23.52065951
    1.34044682   -6.27599562   25.82101191
    1.36045348   -7.42405338   22.75727294
    1.38046015   -9.12711341   24.51551331
    1.40046682   -8.67088090   22.96354486
    1.42047349   -7.06087275   24.73153792
    1.44048016   -6.89036809   24.66628304
    1.46048683   -9.07434390   25.05483822
    1.48049350   -8.06952421   24.62972186
    1.50050017   -9.26737430   23.89326079
    1.52050684  -10.57918654   25.58080289
    1.54051350  -11.08574887   25.41664005
    1.56052017  -10.19849457   27.49847859
    1.58052684  -10.54915773   27.19875140
    1.60053351   -9.49364336   28.43912753
    1.62054018   -9.16766901   29.28825758
    1.64054685   -7.34034331   28.48667715
    1.66055352   -9.12004792   29.84825841
    1.68056019   -9.80774973   28.86818387
    1.70056686   -8.35613825   29.52989450
    1.72057352   -7.67432259   28.05318469
    1.74058019   -7.82414166   27.38400060
    1.76058686   -6.88372449   29.14612858
    1.78059353   -7.94163622   27.37376304
    1.80060020   -7.41887659   25.39353455
    1.82060687   -9.33631037   26.56549489
    1.84061354   -5.49568928   25.24336815
    1.86062021   -6.05071958   27.32747640
    1.88062688   -6.86390331   24.35281460
    1.90063354   -6.59185100   24.58660085
    1.92064021   -6.60236499   23.76999311
    1.94064688   -7.89066629   23.24784948
    1.96065355   -6.99482404   21.92974206
    1.98066022   -6.13861292   23.46143232
    2.00066689   -6.36705970   24.73902414
    2.02067356   -7.35524241   22.41772114
    2.04068023   -7.45470342   25.28143004
    2.06068690   -6.78898351   24.07834122
    2.08069356   -8.01454495   23.95258495
    2.10070023   -7.59903856   23.70367880
    2.12070690   -9.56156403   25.73606822
    2.14071357   -9.07975194   24.61237650
    2.16072024   -7.96588521   26.55842762
    2.18072691  -11.56168704   25.58524409
    2.20073358   -8.54048561   26.59169129
    2.22074025   -8.60079131   25.61423879
    2.24074692  -10.47047545   26.91858806
    2.26075358  -10.18987834   30.14719793
    2.28076025   -9.57495616   27.75049921
    2.30076692   -8.25241274   30.15656592
    2.32077359  -10.55567529   28.16058284
    2.34078026   -8.95535045   27.51114800
    2.36078693   -7.22674197   29.96692696
    2.38079360   -5.76596889   30.05904889
    2.40080027   -8.83508410   27.98878015
    2.42080694   -8.94678589   28.07956172
    2.44081360   -6.10870858   25.46880223
    2.46082027   -7.40084149   28.10233887
    2.48082694   -6.66893411   23.87597978
    2.50083361   -8.86621812   26.76929576
    2.52084028   -5.98248971   24.53753152
    2.54084695   -6.26494628   23.80977211
    2.56085362   -6.44019607   23.84557584
    2.58086029   -5.33853179   22.85358204
    2.60086696   -6.13506731   21.89985703
    2.62087362   -8.81345908   23.39098320
    2.64088029   -7.21364212   23.08233770
    2.66088696   -6.39089426   22.94693863
    2.68089363   -7.95707746   25.37600020
    2.70090030   -6.48213396   23.10147552
    2.72090697   -8.03708090   23.61804664
    2.74091364   -8.32040748   24.39422146
    2.76092031   -9.82530729   23.91154347
    2.78092698   -9.95651263   24.27599383
    2.80093364   -9.73772725   27.91955741
    2.82094031   -7.98025854   25.97535113
    2.84094698   -8.95685048   28.36258912
    2.86095365  -11.25708134   25.69062848
    2.88096032   -8.60059889   25.79380289
    2.90096699   -9.05324235   30.22858626
    2.92097366  -10.26757548   29.52482157
    2.94098033   -9.03126493   28.68423629
    2.96098700  -10.23462835   29.04770142
    2.98099366   -8.86418241   28.33317334